2.540350400445001082e-04
2.314778082400969811e-05
4.051865290139343223e-05
6.776309201621958983e-05
7.192178360899142032e-05
7.903470845825204044e-05
6.988303432838470703e-05
6.343680266919558917e-05
5.152935143440658068e-05
3.686159554915154377e-05
2.797001203893736363e-05
2.098285803818686471e-05
1.453529259981570493e-05
9.526588743876670539e-06
6.039481607568623626e-06
3.632843093418671565e-06
2.080003373926456947e-06
1.157874645862870127e-06
6.475629647338189089e-07
3.568564406774398358e-07
1.897271982903071414e-07
9.778150749594951015e-08
