2.404717581354494068e-04
2.032297211516538300e-05
3.348834540618857728e-05
5.442018536457684825e-05
5.623624304996315286e-05
6.654447997912855072e-05
5.745129481123501767e-05
5.123920227759397539e-05
4.297833309959783217e-05
3.034700257815018992e-05
2.308090261904638250e-05
1.693981308439864296e-05
1.213474367758696078e-05
7.775567613915567098e-06
4.985701863057279814e-06
2.922801935157324642e-06
1.679120909481711745e-06
9.417351514976601795e-07
5.267029914577270974e-07
2.904589388327862043e-07
1.558644216847717065e-07
7.982472180510572511e-08
