2.638362689049702017e-02
8.221120116229973726e-03
8.720696188346773944e-03
9.171477230988028112e-03
8.026745195767608781e-03
7.632326339625543875e-03
6.960786458364796696e-03
6.214665696449087930e-03
5.332889091985758799e-03
4.671609099405005239e-03
3.968454578900823711e-03
3.249617049678797751e-03
2.666002168445610974e-03
2.096618313053314787e-03
1.609657214398014981e-03
1.224787105994415252e-03
9.423672476597266551e-04
6.728456817900962082e-04
5.017144263485223514e-04
3.578075837697935438e-04
2.547552275385158707e-04
1.794494462575614308e-04
