1.995470885334348207e-04
3.132061015408336394e-05
3.424537553045607126e-05
4.457115488500719468e-05
4.087965323274849833e-05
3.626810330810742222e-05
3.861543024640420017e-05
3.514097933276919602e-05
3.025287568208300939e-05
2.523968678822372075e-05
1.791763598451047570e-05
1.358800018826451188e-05
8.766321087714268345e-06
5.403239432150449244e-06
3.372762020617926631e-06
1.943621831707793867e-06
1.176142153058307601e-06
6.632691122165132061e-07
3.672629030815182557e-07
2.010325221013108422e-07
1.034203197375405994e-07
5.355270283807724885e-08
